optim.out.list <-
list(list(par = structure(c(0.935066845542984, -0.0957822729224419, 
-0.671852168876311, -0.808642366602955, -0.241282284770128, -0.0985115442826837, 
0.702926627360979, -0.602938893484791, -0.266176246002101, -0.352604872672362, 
0.625883599103262, 0.609460903107253, 0.262583501784766), .Dim = c(1L, 
13L)), value = 3.16139775117768e-06, counts = c(`function` = 320L, 
gradient = 10L), convergence = 0L, message = NULL), list(par = structure(c(0.0679278540696023, 
-0.501028727052207, 1.93149133557703, -1.34168976957597, -0.718475761257145, 
-0.368963611344951, 0.526042761747962, -1.20103226276418, -0.848504540332589, 
-0.298323006703022, -0.162120452956793, 1.03534883757878, -0.608263958524955
), .Dim = c(1L, 13L)), value = 2.80133190541609e-06, counts = c(`function` = 177L, 
gradient = 5L), convergence = 0L, message = NULL), list(par = structure(c(0.927792503764986, 
-0.467639945994379, -0.995645748237586, -0.460733515662358, -0.787313390207409, 
-0.904619965920356, 0.571248895911163, -1.04468663552773, 0.531440781811871, 
-1.30467562708778, 0.900984479948842, 0.114623496713329, 0.23120835432494
), .Dim = c(1L, 13L)), value = 2.894136140971e-06, counts = c(`function` = 199L, 
gradient = 6L), convergence = 0L, message = NULL), list(par = structure(c(0.610286663665896, 
-0.461852525214854, -0.53600658928383, -0.659561113400215, -0.626035806809459, 
0.21535093527358, 0.63412777484346, -0.891400696023, 0.247576307552765, 
-0.0477134995502864, 0.0312213358850036, -0.198433118380705, 
1.83270169859857), .Dim = c(1L, 13L)), value = 3.48641678985269e-06, 
    counts = c(`function` = 550L, gradient = 19L), convergence = 0L, 
    message = NULL), list(par = structure(c(2.35742407375553, 
-1.25816524322636, 0.382964592948756, -1.29271468214024, -0.359759059222535, 
1.4681251272488, -0.791775185516257, 0.257533514672922, 0.532733074280939, 
0.918158614026255, -0.933101952566529, 0.3618773818672, -0.574084659185584
), .Dim = c(1L, 13L)), value = 2.78525136199887e-06, counts = c(`function` = 111L, 
gradient = 3L), convergence = 0L, message = NULL), list(par = structure(c(1.18817685165942, 
-0.366708679288134, -0.218396663161488, -0.583684780239754, 0.47943820462043, 
1.33166923834044, -0.414558014555938, -0.150599095438757, -0.808410522733727, 
0.229785686722476, -0.648685850765862, 0.0744814144000892, 0.0655121811148538
), .Dim = c(1L, 13L)), value = 2.9628532042856e-06, counts = c(`function` = 177L, 
gradient = 6L), convergence = 0L, message = NULL), list(par = structure(c(0.126284279025054, 
-0.302738968372911, 1.49603026137988, -0.562728347858585, 0.280951678214786, 
-0.0185735260153834, 0.614979538184747, -0.927438611370543, -0.0585759294663175, 
-0.221008993401133, 1.29295272538157, 1.68793968116695, -0.188361186386787
), .Dim = c(1L, 13L)), value = 2.80739798148906e-06, counts = c(`function` = 177L, 
gradient = 5L), convergence = 0L, message = NULL), list(par = structure(c(1.06226071340905, 
-0.990909399946878, 2.0764999559149, 0.138552530740476, 0.992260965769037, 
0.0346526116128185, -0.0677526146618241, 0.994366344601234, -1.13435382605985, 
-0.660364810322364, -0.0910904048926433, -0.0884551303957715, 
0.0726175528944829), .Dim = c(1L, 13L)), value = 2.80773078254222e-06, 
    counts = c(`function` = 133L, gradient = 4L), convergence = 0L, 
    message = NULL), list(par = structure(c(0.970083077966908, 
-0.387422373541702, -0.443791003287613, -0.976833239874323, -0.678685081123517, 
0.462891790648367, 0.220918682943317, 0.302878528506731, -0.546526668448311, 
0.0147944136313579, 0.253611482968617, 0.151057924404431, 0.566091458677713
), .Dim = c(1L, 13L)), value = 3.10725708013299e-06, counts = c(`function` = 309L, 
gradient = 10L), convergence = 0L, message = NULL), list(par = structure(c(0.411087633441697, 
0.598942888924615, 1.21635455642016, 0.0384176948406294, -0.0683930690839815, 
0.468113752340635, 0.70801145795736, -0.792388045550966, 0.232825906457402, 
0.0812781266194369, 1.52782994019322, -0.34062314979292, 2.1088810859005
), .Dim = c(1L, 13L)), value = 2.82310423443913e-06, counts = c(`function` = 133L, 
gradient = 4L), convergence = 0L, message = NULL), list(par = structure(c(0.886669849828648, 
-0.988691662818586, -0.220481387171207, -1.80812027162557, 0.325357380284618, 
-0.0365152512079488, 0.369921407149937, 1.08779174092795, 0.614084251615184, 
0.983527465707292, 0.652370060451258, 0.0384421044516223, 1.49286528779138
), .Dim = c(1L, 13L)), value = 2.81371873056146e-06, counts = c(`function` = 133L, 
gradient = 4L), convergence = 0L, message = NULL), list(par = structure(c(1.0869661074011, 
-0.0468091383415361, 0.195528979496508, -0.986307950543378, -0.0641179234268647, 
0.889303849124714, -0.339643864557823, 0.176511155322368, 1.20208672076116, 
-0.832602362760473, -0.856308356159792, -0.51160954360795, -0.290288950038557
), .Dim = c(1L, 13L)), value = 2.9569251052204e-06, counts = c(`function` = 287L, 
gradient = 9L), convergence = 0L, message = NULL), list(par = structure(c(0.584998398800518, 
-0.65888316641674, 0.137004586311429, -0.453431817737518, 0.320224721133904, 
0.856528984873507, 0.791343666060919, 0.719572032832509, -0.157869273790556, 
1.37773730535013, 0.565280764364513, -0.532734694407381, 0.119024767515178
), .Dim = c(1L, 13L)), value = 3.67272696467645e-06, counts = c(`function` = 625L, 
gradient = 20L), convergence = 0L, message = NULL), list(par = structure(c(1.10528465226515, 
-0.111262822197908, -0.170828528722462, -1.24707984432543, 1.9665347898022, 
1.34753729013913, 0.142310849611068, -0.562839097658459, -0.805838676531905, 
1.96540180566935, 0.812469035829059, 0.754963406818215, 1.57284142854557
), .Dim = c(1L, 13L)), value = 2.78029499972449e-06, counts = c(`function` = 67L, 
gradient = 2L), convergence = 0L, message = NULL), list(par = structure(c(1.41331178332845, 
-0.817532114464026, 0.195771160824377, -0.512367697224162, -0.661281122559018, 
-1.16161583988253, 1.67443269718167, 0.287281701899725, 2.73988352061947, 
-0.630756169384665, 0.93712390052708, -0.712561492105748, -0.329443033877094
), .Dim = c(1L, 13L)), value = 2.78185646764966e-06, counts = c(`function` = 111L, 
gradient = 3L), convergence = 0L, message = NULL), list(par = structure(c(0.852435331329568, 
-0.34118821185534, 1.08823943305425, -0.671599512772143, 0.208948675607218, 
0.24676610677476, 0.164908598654803, -0.197408559794682, 0.632376601181984, 
-0.652582250345091, -0.25408572503728, 0.509032806907073, 0.604074102333907
), .Dim = c(1L, 13L)), value = 3.31872803400069e-06, counts = c(`function` = 855L, 
gradient = 30L), convergence = 0L, message = NULL), list(par = structure(c(1.6519233280363, 
-1.46692898745441, -0.0218744052840714, 0.453327507243066, -0.165743832870787, 
-0.0855481863865729, 0.907184321881847, 0.916275153670828, 1.32742283506943, 
0.10284825042956, 1.07867383822025, 0.721110330551153, -0.251106307806207
), .Dim = c(1L, 13L)), value = 2.78305652844432e-06, counts = c(`function` = 111L, 
gradient = 3L), convergence = 0L, message = NULL), list(par = structure(c(0.629228442662019, 
1.22952945503435, 0.146652047129427, -1.85532630932973, -0.0363160904171942, 
0.560070334308653, 0.650956865350038, -0.481520149465265, 0.0847681422774258, 
-0.305114521625482, 0.184545567412528, -2.03023894712988, 0.709924189452556
), .Dim = c(1L, 13L)), value = 2.82091907456316e-06, counts = c(`function` = 133L, 
gradient = 4L), convergence = 0L, message = NULL), list(par = structure(c(0.994922231475667, 
-0.221583107051467, -0.0341263921044123, -0.457453394006362, 
-0.819279758773588, 1.00765849943786, 0.793091226314366, 0.00325561738971727, 
1.62323704683732, 0.204318808666664, 0.405144011541557, -0.463407412147809, 
0.912630801660525), .Dim = c(1L, 13L)), value = 2.87094987998042e-06, 
    counts = c(`function` = 134L, gradient = 4L),