optim.out.list <-
list(list(par = structure(c(-0.409277943964121, -1.13447278573521, 
-0.793504593595298, 0.324676371723523, -0.667259499836294, -1.20551340878781, 
0.512134107582701, 3.17982439049146), .Dim = c(1L, 8L)), value = 0.00266913079123373, 
    counts = c(`function` = 14L, gradient = 1L), convergence = 0L, 
    message = NULL), list(par = structure(c(-2.28784665647621, 
0.678927099609201, 0.450637494251314, 0.353571591123281, -2.58674594036009, 
1.33544569647622, 0.53331802959301, 2.2289771439328), .Dim = c(1L, 
8L)), value = 0.00273977339398228, counts = c(`function` = 230L, 
gradient = 12L), convergence = 0L, message = NULL), list(par = structure(c(-1.15580982833382, 
-0.630137810933259, 0.307975653852495, -0.0282550150617994, -1.41991517984468, 
0.890644123788924, 0.400139279664414, 2.84517622115932), .Dim = c(1L, 
8L)), value = 0.0026694053146802, counts = c(`function` = 41L, 
gradient = 2L), convergence = 0L, message = NULL), list(par = structure(c(-2.05470247565105, 
-0.222930202716492, 0.758260987141359, -0.34708157430656, -2.38166112446133, 
2.05252597099746, 0.378999700289531, 2.35563972139602), .Dim = c(1L, 
8L)), value = 0.002679680902959, counts = c(`function` = 170L, 
gradient = 7L), convergence = 0L, message = NULL), list(par = structure(c(-2.28785472053281, 
0.678916008193734, 0.450657484280142, 0.35357685440136, -2.58675429318916, 
1.33545229954293, 0.533306764736314, 2.22896202781053), .Dim = c(1L, 
8L)), value = 0.00273977338883782, counts = c(`function` = 370L, 
gradient = 17L), convergence = 0L, message = NULL), list(par = structure(c(-0.000860547728527861, 
0.20734543732268, -0.797422208480521, 0.593905338141541, -1.9176368474297, 
-0.763577507469237, -0.6021855554901, -0.739828139433493), .Dim = c(1L, 
8L)), value = 0.00267076808042053, counts = c(`function` = 92L, 
gradient = 4L), convergence = 0L, message = NULL), list(par = structure(c(-0.43161021815411, 
-0.284740830739193, -0.259436112636865, 0.333135114693862, -2.42083915108477, 
0.396409807457587, -0.711947076801523, 0.92148952385552), .Dim = c(1L, 
8L)), value = 0.00269025417757934, counts = c(`function` = 170L, 
gradient = 7L), convergence = 0L, message = NULL), list(par = structure(c(0.192360962729242, 
-0.345974992183534, 0.491080185083439, 0.496377942821792, -1.41813008222319, 
0.00866766239855056, -0.483652251148611, 0.399147074316769), .Dim = c(1L, 
8L)), value = 0.00276244289040487, counts = c(`function` = 339L, 
gradient = 16L), convergence = 0L, message = NULL), list(par = structure(c(1.07060852641735, 
-1.80809482590345, 0.860700496429396, 0.376420576654416, 0.0501600526575367, 
-0.281850111286655, 0.0268614502312865, 1.45247269225861), .Dim = c(1L, 
8L)), value = 0.00267002537537972, counts = c(`function` = 92L, 
gradient = 4L), convergence = 0L, message = NULL), list(par = structure(c(1.60579805301831, 
-2.23515505693203, 1.07628734533143, 0.348881151707487, 0.904235778574055, 
-0.725652105287361, -0.0997764768887665, 0.191024140226386), .Dim = c(1L, 
8L)), value = 0.00268285451800523, counts = c(`function` = 170L, 
gradient = 7L), convergence = 0L, message = NULL), list(par = structure(c(0.532523478357316, 
-0.260725024386448, 1.43383215515413, 0.733570161724346, -0.608029889568836, 
-0.557953418028898, -0.597210284009977, -0.396743190941337), .Dim = c(1L, 
8L)), value = 0.00282734044764761, counts = c(`function` = 352L, 
gradient = 17L), convergence = 0L, message = NULL), list(par = structure(c(0.405819784564012, 
0.430457832109394, 1.39655056506189, 1.16758589966316, -0.420570023094584, 
0.919392636090963, 0.345207078302388, -0.241839268991725), .Dim = c(1L, 
8L)), value = 0.00269646381830378, counts = c(`function` = 183L, 
gradient = 8L), convergence = 0L, message = NULL), list(par = structure(c(0.689698441540838, 
-1.84204226126099, 2.89150908899567, -0.313323828850051, 0.429059530779873, 
1.9928312675796, -0.728616255822256, 0.350843017453516), .Dim = c(1L, 
8L)), value = 0.00266913502393328, counts = c(`function` = 14L, 
gradient = 1L), convergence = 0L, message = NULL), list(par = structure(c(-0.0547778610267212, 
-0.324812412157027, 1.27750807604765, -0.02597695735863, -1.56389933244416, 
0.428818021601667, -0.676893736536047, -0.900855329971991), .Dim = c(1L, 
8L)), value = 0.0026855048142034, counts = c(`function` = 144L, 
gradient = 6L), convergence = 0L, message = NULL), list(par = structure(c(0.191193934526809, 
1.16082018300431, 0.016255223942344, 1.27761596411771, -1.94957350618891, 
0.048169461958812, 0.407920055449529, -0.633071019746496), .Dim = c(1L, 
8L)), value = 0.0026693173767731, counts = c(`function` = 40L, 
gradient = 2L), convergence = 0L, message = NULL), list(par = structure(c(0.386394841212288, 
0.384687169333012, -0.942585187176789, 1.43350081395515, -2.15253655526416, 
-1.24198385037427, -0.218479424121506, -1.97084181116147), .Dim = c(1L, 
8L)), value = 0.0026703722670091, counts = c(`function` = 88L, 
gradient = 4L), convergence = 0L, message = NULL), list(par = structure(c(0.632683453334875, 
-0.72760549011472, 1.68288055022085, 0.58033693094861, -0.26623479060604, 
0.189513168111102, -0.131272978755993, 0.0747511139625649), .Dim = c(1L, 
8L)), value = 0.00308205974338123, counts = c(`function` = 396L, 
gradient = 22L), convergence = 0L, message = NULL), list(par = structure(c(0.304100748830452, 
-0.947350192126189, 2.19506384203933, 0.363627367801634, -0.401621516376208, 
1.04799106747276, -0.892757164057101, -0.901744609790702), .Dim = c(1L, 
8L)), value = 0.00267598167258079, counts = c(`function` = 144L, 
gradient = 6L), convergence = 0L, message = NULL), list(par = structure(c(0.55300513766499, 
-1.33678863925604, -0.0552985228572479, 0.876133315206178, 0.313756600822113, 
0.696859032099332, -0.0655647350246049, -0.132072663621193), .Dim = c(1L, 
8L)), value = 0.0026693592522538, counts = c(`function` = 40L, 
gradient = 2L), convergence = 0L, message = NULL), list(par = structure(c(0.596191272725238, 
-0.449994326125321, 2.07723478097247, 0.465278579783619, -0.763040146942395, 
-0.133666315250502, 0.136251138747608, -0.0428658861087518), .Dim = c(1L, 
8L)), value = 0.00300110754912008, counts = c(`function` = 380L, 
gradient = 21L), convergence = 0L, message = NULL), list(par = structure(c(0.253859304245039, 
-0.277372844557976, -0.461702537960555, 0.407374390359783, -2.18449833839209, 
0.850441659448934, -1.05841179010774, -0.0548698772450175), .Dim = c(1L, 
8L)), value = 0.00268786861738923, counts = c(`function` = 170L, 
gradient = 7L), convergence = 0L, message = NULL), list(par = structure(c(-0.497999846477381, 
0.564419288857705, 1.02002397677287, 0.630108761589421, -1.37127062357715, 
1.18831572849067, -0.445431119690014, -0.651228714857476), .Dim = c(1L, 
8L)), value = 0.0026768020953134, counts = c(`function` = 144L, 
gradient = 6L), convergence = 0L, message = NULL), list(par = structure(c(1.2348089534259, 
-2.33459907136956, 1.66920770721203, 0.134422803649521, 0.758348088056382, 
0.249316858653886, -0.759881170245688, 0.216076626285985), .Dim = c(1L, 
8L)), value = 0.00268221852184191, counts = c(`function` = 170L, 
gradient = 7L), convergence = 0L, message = NULL), list(par = structure(c(0.353009888573775, 
-1.50898121418887, -0.0387953679436188, -1.04128208254405, -1.42553225173591, 
0.51547938875002, -1.6845987045476, 1.40815297039409), .Dim = c(1L, 
8L)), value = 0.00266915510366574, counts = c(`function` = 14L, 
gradient = 1L), convergence = 0L, message = NULL), list(par = structure(c(0.330692135263158, 
-0.631979863820498, 0.748369946572409, 0.854978916349341, -0.893186427161071, 
-0.721310746673509, -0.212260816648833, 0.213789883591339), .Dim = c(1L, 
8L)), value = 0.0028158497822827, counts = c(`function` = 300L, 
gradient = 14L), convergence = 0L, message = NULL), list(par = structure(c(0.219331046190232, 
-0.884621890320867, 1.66267368159112, -0.282985527789213, -0.278488431692729, 
0.0550359751838348, -1.05281309927931, -0.0958502170039966), .Dim = c(1L, 
8L)),