optim.out.list <-
list(list(par = structure(c(-0.40927773138144, -1.13447270043402, 
-0.793504541777646, 0.324676157816687, -0.667259502540217, -1.20551330074992, 
0.512134075768574, 3.17982413229139), .Dim = c(1L, 8L)), value = 0.00266913079123352, 
    counts = c(`function` = 42L, gradient = 1L), convergence = 0L, 
    message = NULL), list(par = structure(c(-2.28786686012534, 
0.678989872507027, 0.450621949902277, 0.353624452305727, -2.58676479810776, 
1.33539598279108, 0.533325120978093, 2.22896179568525), .Dim = c(1L, 
8L)), value = 0.00273977330299944, counts = c(`function` = 575L, 
gradient = 9L), convergence = 0L, message = NULL), list(par = structure(c(-1.15580308021413, 
-0.630148581924001, 0.307973490732749, -0.0282516787388706, -1.41990821313046, 
0.890639458892578, 0.400140967212443, 2.84518636770452), .Dim = c(1L, 
8L)), value = 0.00266940530673659, counts = c(`function` = 124L, 
gradient = 2L), convergence = 0L, message = NULL), list(par = structure(c(-2.28785132470995, 
0.678904559596055, 0.450651574919711, 0.353540152094749, -2.58675364235961, 
1.3354888899654, 0.533313880069027, 2.22897552252079), .Dim = c(1L, 
8L)), value = 0.00273977337682774, counts = c(`function` = 1432L, 
gradient = 21L), convergence = 0L, message = NULL), list(par = structure(c(-1.87965193012652, 
0.847096019353914, -0.205966341595805, 0.0627528420538109, -2.19792029211118, 
1.14327314043299, 0.864737846595369, 2.77537219610108), .Dim = c(1L, 
8L)), value = 0.00272985643033059, counts = c(`function` = 576L, 
gradient = 8L), convergence = 0L, message = NULL), list(par = structure(c(-0.000837653351909686, 
0.207352731927995, -0.797417647352699, 0.593942183903121, -1.91763791085656, 
-0.763581707359663, -0.6021605543743, -0.73986667438633), .Dim = c(1L, 
8L)), value = 0.00267076807090116, counts = c(`function` = 370L, 
gradient = 5L), convergence = 0L, message = NULL), list(par = structure(c(-0.431589156264372, 
-0.28473942368834, -0.259506442756145, 0.333133888431123, -2.42088123205089, 
0.396475377660848, -0.711987800290683, 0.921438624821561), .Dim = c(1L, 
8L)), value = 0.00269025411482396, counts = c(`function` = 657L, 
gradient = 9L), convergence = 0L, message = NULL), list(par = structure(c(0.192372986934562, 
-0.345996501542062, 0.491097885562008, 0.496402919798686, -1.41808295134295, 
0.00861074812959489, -0.483630446961752, 0.399131944986614), .Dim = c(1L, 
8L)), value = 0.00276244287768519, counts = c(`function` = 535L, 
gradient = 8L), convergence = 0L, message = NULL), list(par = structure(c(1.07062036121411, 
-1.80810157140456, 0.860710109283039, 0.37641983086082, 0.0501816197954883, 
-0.281858514288268, 0.0268566630272017, 1.45243509360836), .Dim = c(1L, 
8L)), value = 0.00267002536999837, counts = c(`function` = 370L, 
gradient = 5L), convergence = 0L, message = NULL), list(par = structure(c(1.6057648673262, 
-2.23511579270852, 1.07625037239264, 0.34889019320679, 0.90416893860788, 
-0.725645588781295, -0.0997451032376788, 0.191129048117852), .Dim = c(1L, 
8L)), value = 0.00268285435589454, counts = c(`function` = 534L, 
gradient = 7L), convergence = 0L, message = NULL), list(par = structure(c(0.532545237410463, 
-0.260724565355344, 1.43386760105361, 0.733581369991768, -0.607998508811839, 
-0.557914156291385, -0.597181192439851, -0.396732234210066), .Dim = c(1L, 
8L)), value = 0.00282734042977773, counts = c(`function` = 616L, 
gradient = 10L), convergence = 0L, message = NULL), list(par = structure(c(0.405809678426152, 
0.430394809638145, 1.39653395237599, 1.16749051993783, -0.420572795640914, 
0.919324689460932, 0.345157609487794, -0.241821070975754), .Dim = c(1L, 
8L)), value = 0.002696463734644, counts = c(`function` = 616L, 
gradient = 9L), convergence = 0L, message = NULL), list(par = structure(c(0.689698261655762, 
-1.8420414388062, 2.89150759204562, -0.313322772731785, 0.429058696353639, 
1.99282918744718, -0.728616472390781, 0.350841433522902), .Dim = c(1L, 
8L)), value = 0.00266913502391948, counts = c(`function` = 42L, 
gradient = 1L), convergence = 0L, message = NULL), list(par = structure(c(-0.0547560230550105, 
-0.324817075992253, 1.27750109642763, -0.0259747736276041, -1.563918448679, 
0.428763743977497, -0.676880058171992, -0.900852753760511), .Dim = c(1L, 
8L)), value = 0.00268550478784355, counts = c(`function` = 616L, 
gradient = 8L), convergence = 0L, message = NULL), list(par = structure(c(0.191192791675548, 
1.16082676223757, 0.0162615604401535, 1.27762360457235, -1.94957924585027, 
0.048173671631882, 0.407926693192021, -0.633072772420815), .Dim = c(1L, 
8L)), value = 0.0026693173713585, counts = c(`function` = 128L, 
gradient = 2L), convergence = 0L, message = NULL), list(par = structure(c(0.386378935199184, 
0.38468007525621, -0.942579033326705, 1.43346639980599, -2.15252688498248, 
-1.24196397612658, -0.218494998583192, -1.97079111115874), .Dim = c(1L, 
8L)), value = 0.00267037225619053, counts = c(`function` = 369L, 
gradient = 5L), convergence = 0L, message = NULL), list(par = structure(c(0.632571712192974, 
-0.727555979868371, 1.68291333449472, 0.580322863042083, -0.266223186826794, 
0.189489892607979, -0.131320285978155, 0.0747901378055627), .Dim = c(1L, 
8L)), value = 0.00308205959037913, counts = c(`function` = 1272L, 
gradient = 20L), convergence = 0L, message = NULL), list(par = structure(c(0.304101293950979, 
-0.947333797985984, 2.19502708046321, 0.363617311612713, -0.40163621537521, 
1.04794979815754, -0.892738371293044, -0.90171164391492), .Dim = c(1L, 
8L)), value = 0.00267598165795453, counts = c(`function` = 534L, 
gradient = 7L), convergence = 0L, message = NULL), list(par = structure(c(0.553007224577597, 
-1.33679766142419, -0.0553109293120768, 0.876136529208187, 0.313763133965424, 
0.696866201933182, -0.0655626010103851, -0.132073710825245), .Dim = c(1L, 
8L)), value = 0.00266935924437166, counts = c(`function` = 125L, 
gradient = 2L), convergence = 0L, message = NULL), list(par = structure(c(0.5961616737796, 
-0.450028697030847, 2.07724966452927, 0.465283707949245, -0.763051276610963, 
-0.133716340999665, 0.136205111994172, -0.0428636002907567), .Dim = c(1L, 
8L)), value = 0.0030011074881608, counts = c(`function` = 1067L, 
gradient = 17L), convergence = 0L, message = NULL), list(par = structure(c(0.253930811319971, 
-0.277369476379989, -0.461624337060687, 0.407394363477058, -2.18437864467834, 
0.850378472705336, -1.05838251923083, -0.0549520367751017), .Dim = c(1L, 
8L)), value = 0.00268786830005559, counts = c(`function` = 534L, 
gradient = 7L), convergence = 0L, message = NULL), list(par = structure(c(-0.497943362227131, 
0.564409092865834, 1.02004524118741, 0.630141721665432, -1.37121074350998, 
1.18829602265685, -0.445380982916083, -0.651197932840803), .Dim = c(1L, 
8L)), value = 0.00267680201995526, counts = c(`function` = 534L, 
gradient = 7L), convergence = 0L, message = NULL), list(par = structure(c(1.23481873576549, 
-2.33461713329681, 1.66920974854602, 0.134421552076412, 0.758362251934605, 
0.249316791471151, -0.759886209929701, 0.216072049728334), .Dim = c(1L, 
8L)), value = 0.00268221851704663, counts = c(`function` = 616L, 
gradient = 8L), convergence = 0L, message = NULL), list(par = structure(c(-0.614781742061204, 
-1.09786503017728, 1.55543865522122, -0.68772913797607, -1.08539473985928, 
0.354827108294374, -0.839053869741415, 0.838265188984002), .Dim = c(1L, 
8L)), value = 0.00318328496835717, counts = c(`function` = 5156L, 
gradient = 79L), convergence = 0L, message = NULL), list(par = structure(c(0.330697081741984, 
-0.631965522406578, 0.748407871234335, 0.854964815890458, -0.8931925416991, 
-0.721271495227938, -0.212292836719115, 0.21376865418892), .Dim = c(1L, 
8L)), value = 0.00281584978587917, counts = c(`function` = 657L, 
gradient = 10L), convergence = 0L, message = NULL), list(par = structure(c(0.219352661605372, 
-0.884617554517783, 1.66267006572247, -0.282981810455619, -0.27846403786628, 
0.0550266962466541, -1.05281850267955, -0.0958597220147971), .Dim = c(1L, 
8L)),