optim.out.list <-
list(list(par = structure(c(-0.409278069866164, -1.13447283625482, 
-0.793504624284291, 0.324676498409797, -0.667259498234897, -1.20551347277323, 
0.51213412642461, 3.1798245434104), .Dim = c(1L, 8L)), value = 0.00266913079123267, 
    counts = structure(2:1, .Names = c("function", "gradient"
    )), convergence = 0L, message = NULL), list(par = structure(c(-2.28776697828209, 
0.67835740591789, 0.450922100691141, 0.353192483813021, -2.58668112597233, 
1.33590707245095, 0.533174260499666, 2.22897032208106), .Dim = c(1L, 
8L)), value = 0.00273976800436004, counts = c(`function` = 6L, 
gradient = 4L), convergence = 0L, message = NULL), list(par = structure(c(-1.15577461771366, 
-0.630193601485317, 0.307964546227694, -0.0282378265270057, -1.41987879115626, 
0.890619602150122, 0.400147758050184, 2.84522835620901), .Dim = c(1L, 
8L)), value = 0.00266940521869721, counts = structure(2:1, .Names = c("function", 
"gradient")), convergence = 0L, message = NULL), list(par = structure(c(-2.05470451275205, 
-0.22291982972634, 0.758257019641696, -0.347072853732368, -2.38166276491141, 
2.05251637008731, 0.379001502206227, 2.35563855527186), .Dim = c(1L, 
8L)), value = 0.00267968090498761, counts = c(`function` = 5L, 
gradient = 3L), convergence = 0L, message = NULL), list(par = structure(c(-1.87966260167299, 
0.84709506419134, -0.205952500375071, 0.0627594093621954, -2.19793064719083, 
1.14327820716084, 0.864731289885174, 2.77535974205439), .Dim = c(1L, 
8L)), value = 0.00272985643505384, counts = c(`function` = 6L, 
gradient = 4L), convergence = 0L, message = NULL), list(par = structure(c(-0.00107185943517879, 
0.207258399389748, -0.797428677805123, 0.593517506685567, -1.91758875241096, 
-0.76346797843146, -0.602420378098961, -0.739364027078998), .Dim = c(1L, 
8L)), value = 0.00267076439295014, counts = structure(2:1, .Names = c("function", 
"gradient")), convergence = 0L, message = NULL), list(par = structure(c(-0.431594271376937, 
-0.284741576219687, -0.259413586100976, 0.333138682473022, -2.42081212637421, 
0.396398164302153, -0.711941402965012, 0.921476293570992), .Dim = c(1L, 
8L)), value = 0.0026902541627014, counts = c(`function` = 5L, 
gradient = 3L), convergence = 0L, message = NULL), list(par = structure(c(0.192157789778624, 
-0.346068552863023, 0.490527629949699, 0.496325051384337, -1.41804308180563, 
0.0085478493243137, -0.483631786464103, 0.399131522855449), .Dim = c(1L, 
8L)), value = 0.00276244019423639, counts = c(`function` = 6L, 
gradient = 4L), convergence = 0L, message = NULL), list(par = structure(c(1.07047532820969, 
-1.80801007484696, 0.860601560965428, 0.376429250251201, 0.0499228267128993, 
-0.281754871185263, 0.026912981897896, 1.4528735303732), .Dim = c(1L, 
8L)), value = 0.00267002337975498, counts = structure(2:1, .Names = c("function", 
"gradient")), convergence = 0L, message = NULL), list(par = structure(c(1.60578983924917, 
-2.23515352240966, 1.07629348956772, 0.348878594403256, 0.904228373297709, 
-0.72563678157591, -0.0997840742889312, 0.191032660637992), .Dim = c(1L, 
8L)), value = 0.00268285451941497, counts = c(`function` = 5L, 
gradient = 3L), convergence = 0L, message = NULL), list(par = structure(c(0.532135320382829, 
-0.260824954722442, 1.433353035342, 0.733377608955163, -0.608755678884368, 
-0.558529348235332, -0.597303716752806, -0.396664504769508), .Dim = c(1L, 
8L)), value = 0.00282733168962734, counts = c(`function` = 6L, 
gradient = 4L), convergence = 0L, message = NULL), list(par = structure(c(0.405791146484678, 
0.430353970558587, 1.39654343992195, 1.16747898149158, -0.420587180163225, 
0.919316774967424, 0.34513259210531, -0.24180267812573), .Dim = c(1L, 
8L)), value = 0.00269646363445533, counts = c(`function` = 5L, 
gradient = 3L), convergence = 0L, message = NULL), list(par = structure(c(0.689698548077732, 
-1.84204274835964, 2.89150997556398, -0.313324454335846, 0.429060024968614, 
1.99283249953753, -0.728616127559597, 0.350843955536051), .Dim = c(1L, 
8L)), value = 0.00266913502386281, counts = structure(2:1, .Names = c("function", 
"gradient")), convergence = 0L, message = NULL), list(par = structure(c(-0.0547844490073982, 
-0.324797289981109, 1.27751455507882, -0.0259605001505333, -1.56389090214412, 
0.428824046778885, -0.676889049434989, -0.900842936099738), .Dim = c(1L, 
8L)), value = 0.00268550481736562, counts = c(`function` = 5L, 
gradient = 3L), convergence = 0L, message = NULL), list(par = structure(c(0.191188046499095, 
1.16085430785223, 0.0162880669654873, 1.27765550545328, -1.9496031451817, 
0.0481913510443654, 0.40795448631913, -0.633080078861296), .Dim = c(1L, 
8L)), value = 0.00266931731134657, counts = structure(2:1, .Names = c("function", 
"gradient")), convergence = 0L, message = NULL), list(par = structure(c(0.386570015822183, 
0.384767189268078, -0.942651009804441, 1.43388047747343, -2.15264280435364, 
-1.24220042443179, -0.218306053443598, -1.97139869141138), .Dim = c(1L, 
8L)), value = 0.0026703678506428, counts = structure(2:1, .Names = c("function", 
"gradient")), convergence = 0L, message = NULL), list(par = structure(c(0.632532358962215, 
-0.727598788852059, 1.6827241411955, 0.580253930318247, -0.2661515577977, 
0.189473739282771, -0.131592407809972, 0.0747086414465214), .Dim = c(1L, 
8L)), value = 0.00308205884102776, counts = c(`function` = 22L, 
gradient = 20L), convergence = 0L, message = NULL), list(par = structure(c(0.304101256744678, 
-0.947346612483144, 2.19505345680291, 0.36362280424531, -0.401622797201986, 
1.04797681089501, -0.892753133360192, -0.901732410556185), .Dim = c(1L, 
8L)), value = 0.00267598167602815, counts = c(`function` = 5L, 
gradient = 3L), convergence = 0L, message = NULL), list(par = structure(c(0.55301573228195, 
-1.33683543307686, -0.0553632376447039, 0.87615006662353, 0.313790514976235, 
0.696896193087749, -0.0655536975254543, -0.132078214240605), .Dim = c(1L, 
8L)), value = 0.00266935915659793, counts = structure(2:1, .Names = c("function", 
"gradient")), convergence = 0L, message = NULL), list(par = structure(c(0.596223138232267, 
-0.449459266085898, 2.07639772357589, 0.465143885349577, -0.763272467125934, 
-0.133373457584294, 0.135747792733988, -0.0435835922627124), .Dim = c(1L, 
8L)), value = 0.00300109613026919, counts = structure(19:18, .Names = c("function", 
"gradient")), convergence = 0L, message = NULL), list(par = structure(c(0.253847849802055, 
-0.277372960987998, -0.461689255474589, 0.407374286267438, -2.18449316415579, 
0.850423823175164, -1.05839971337746, -0.0548510564307279), .Dim = c(1L, 
8L)), value = 0.0026878686207322, counts = c(`function` = 5L, 
gradient = 3L), convergence = 0L, message = NULL), list(par = structure(c(-0.497983014739744, 
0.564405136199798, 1.02003148108082, 0.630106090720276, -1.37126183808287, 
1.18830159026986, -0.445424737377884, -0.651226167493626), .Dim = c(1L, 
8L)), value = 0.00267680209793064, counts = c(`function` = 5L, 
gradient = 3L), convergence = 0L, message = NULL), list(par = structure(c(1.234814589583, 
-2.33459667364207, 1.66919790967862, 0.134426369569455, 0.758349841291819, 
0.24930093573182, -0.759870153800385, 0.216076476683525), .Dim = c(1L, 
8L)), value = 0.00268221852539341, counts = c(`function` = 5L, 
gradient = 3L), convergence = 0L, message = NULL), list(par = structure(c(0.353014699622572, 
-1.50898359285262, -0.038802759189623, -1.04128338731199, -1.42553461780325, 
0.515479784303541, -1.6846027487124, 1.40815581886565), .Dim = c(1L, 
8L)), value = 0.00266915510167318, counts = structure(2:1, .Names = c("function", 
"gradient")), convergence = 0L, message = NULL), list(par = structure(c(0.330858127467821, 
-0.631804575369706, 0.74858926884531, 0.85498015899401, -0.89285275710048, 
-0.72150846554358, -0.212297348566816, 0.213487818942159), .Dim = c(1L, 
8L)), value = 0.00281584760799988, counts = c(`function` = 6L, 
gradient = 4L),