optim.out.list <-
list(list(par = structure(c(-0.409277863390603, -1.13447275340549, 
-0.793504573956443, 0.324676290647192, -0.66725950086026, -1.20551336784037, 
0.512134095525516, 3.17982429262721), .Dim = c(1L, 8L)), value = 0.00266913079123396, 
    counts = c(`function` = 28L, gradient = 1L), convergence = 0L, 
    message = NULL), list(par = structure(c(-2.28784701584228, 
0.678912115275447, 0.450648813678734, 0.353564383195805, -2.58674735133687, 
1.33545774299831, 0.533311616260834, 2.22897236463468), .Dim = c(1L, 
8L)), value = 0.00273977339337676, counts = c(`function` = 298L, 
gradient = 7L), convergence = 0L, message = NULL), list(par = structure(c(-1.15581704752976, 
-0.630126400432723, 0.307977918793731, -0.0282585239550406, -1.41992264315268, 
0.890649164000855, 0.400137563944477, 2.84516558763826), .Dim = c(1L, 
8L)), value = 0.00266940531757276, counts = c(`function` = 82L, 
gradient = 2L), convergence = 0L, message = NULL), list(par = structure(c(-2.05470416297314, 
-0.222921386879489, 0.758257591158936, -0.347074129307399, -2.38166247068433, 
2.05251773412622, 0.379001232250841, 2.35563875211354), .Dim = c(1L, 
8L)), value = 0.00267968090494719, counts = c(`function` = 136L, 
gradient = 3L), convergence = 0L, message = NULL), list(par = structure(c(-1.87965680066656, 
0.847085893236934, -0.2059506946792, 0.0627585757346416, -2.1979244977605, 
1.14327550721831, 0.864728977212651, 2.77536141885229), .Dim = c(1L, 
8L)), value = 0.00272985643165944, counts = c(`function` = 244L, 
gradient = 5L), convergence = 0L, message = NULL), list(par = structure(c(-0.000854726128622972, 
0.207348018203698, -0.797422364126591, 0.593916470007519, -1.91763853016614, 
-0.763581186445038, -0.602179048980368, -0.739841943484973), .Dim = c(1L, 
8L)), value = 0.00267076808375968, counts = c(`function` = 82L, 
gradient = 2L), convergence = 0L, message = NULL), list(par = structure(c(-0.431596098765208, 
-0.28474141921461, -0.259416402227887, 0.333138202255756, -2.42081549697636, 
0.396399732014083, -0.71194231619882, 0.921477619582302), .Dim = c(1L, 
8L)), value = 0.00269025416608259, counts = c(`function` = 136L, 
gradient = 3L), convergence = 0L, message = NULL), list(par = structure(c(0.192335293635484, 
-0.345992246957478, 0.491020830824813, 0.496373927644635, -1.41810230427717, 
0.0086452024497773, -0.483645935702054, 0.399137887645881), .Dim = c(1L, 
8L)), value = 0.00276244286595712, counts = c(`function` = 298L, 
gradient = 7L), convergence = 0L, message = NULL), list(par = structure(c(1.07061241712481, 
-1.80809736914198, 0.860703315107554, 0.376420321121027, 0.0501669401618035, 
-0.281852898348652, 0.0268599630819452, 1.45246115314023), .Dim = c(1L, 
8L)), value = 0.00267002537715015, counts = c(`function` = 82L, 
gradient = 2L), convergence = 0L, message = NULL), list(par = structure(c(1.60579095714568, 
-2.2351535778349, 1.0762923703985, 0.348879032518355, 0.904229210397717, 
-0.725639103960531, -0.09978275804985, 0.191031829333815), .Dim = c(1L, 
8L)), value = 0.00268285451953393, counts = c(`function` = 136L, 
gradient = 3L), convergence = 0L, message = NULL), list(par = structure(c(0.532520807592083, 
-0.260734320099398, 1.43383135416359, 0.733565129330038, -0.608034661705897, 
-0.557946919445076, -0.597198586980342, -0.396731471827939), .Dim = c(1L, 
8L)), value = 0.00282734045402647, counts = c(`function` = 407L, 
gradient = 10L), convergence = 0L, message = NULL), list(par = structure(c(0.40581989021116, 
0.430448277873336, 1.39654304314647, 1.16755986144482, -0.420567911381515, 
0.919374633020914, 0.345197505944018, -0.241837890032203), .Dim = c(1L, 
8L)), value = 0.00269646382696056, counts = c(`function` = 218L, 
gradient = 5L), convergence = 0L, message = NULL), list(par = structure(c(0.68969837336177, 
-1.84204194953454, 2.89150852162101, -0.313323428563417, 0.429059214516666, 
1.9928304791602, -0.72861633790327, 0.350842417108973), .Dim = c(1L, 
8L)), value = 0.00266913502394774, counts = c(`function` = 28L, 
gradient = 1L), convergence = 0L, message = NULL), list(par = structure(c(-0.0547804600316346, 
-0.324804111656254, 1.27751343669475, -0.0259669202596046, -1.56389498926133, 
0.428817512529564, -0.676890341465686, -0.900847205373392), .Dim = c(1L, 
8L)), value = 0.0026855048180716, counts = c(`function` = 137L, 
gradient = 3L), convergence = 0L, message = NULL), list(par = structure(c(0.191195136051164, 
1.16081319996918, 0.0162485052273881, 1.27760788024979, -1.94956745212067, 
0.0481649781450522, 0.407913009558259, -0.633069168635443), .Dim = c(1L, 
8L)), value = 0.00266931737874481, counts = c(`function` = 82L, 
gradient = 2L), convergence = 0L, message = NULL), list(par = structure(c(0.386389758354288, 
0.384684984494257, -0.942583136084385, 1.43348984416649, -2.15253345419468, 
-1.24197739938431, -0.218484320902715, -1.97082554156461), .Dim = c(1L, 
8L)), value = 0.00267037227102597, counts = c(`function` = 80L, 
gradient = 2L), convergence = 0L, message = NULL), list(par = structure(c(0.632692472121381, 
-0.727590726455187, 1.68287622707605, 0.580337529590572, -0.266257178913895, 
0.189517311103748, -0.131262460979683, 0.074732262793697), .Dim = c(1L, 
8L)), value = 0.00308205973211345, counts = c(`function` = 703L, 
gradient = 19L), convergence = 0L, message = NULL), list(par = structure(c(0.304101237052003, 
-0.947346771657602, 2.19505386331073, 0.363622944989193, -0.401622704698919, 
1.0479773226669, -0.892753320437627, -0.901732841260928), .Dim = c(1L, 
8L)), value = 0.00267598167603093, counts = c(`function` = 136L, 
gradient = 3L), convergence = 0L, message = NULL), list(par = structure(c(0.553002968741704, 
-1.33677906083452, -0.0552852755469341, 0.876129886371552, 0.313749658902788, 
0.69685142551651, -0.0655669942984361, -0.132071527514605), .Dim = c(1L, 
8L)), value = 0.00266935925514089, counts = c(`function` = 83L, 
gradient = 2L), convergence = 0L, message = NULL), list(par = structure(c(0.59619180839919, 
-0.449970121500544, 2.07725575736288, 0.465271047794071, -0.76307343455448, 
-0.13368436168757, 0.136270813188871, -0.0428769692542811), .Dim = c(1L, 
8L)), value = 0.00300110754049659, counts = c(`function` = 730L, 
gradient = 20L), convergence = 0L, message = NULL), list(par = structure(c(0.253839981810018, 
-0.277373273987871, -0.461699354762541, 0.407371938683064, -2.18450762216624, 
0.850432139085688, -1.05840382908796, -0.0548425002748824), .Dim = c(1L, 
8L)), value = 0.00268786862456549, counts = c(`function` = 192L, 
gradient = 4L), convergence = 0L, message = NULL), list(par = structure(c(-0.49798342208463, 
0.564404858020172, 1.02003135986664, 0.630105457123417, -1.3712625546736, 
1.18830146828348, -0.445425366220338, -0.651226597126583), .Dim = c(1L, 
8L)), value = 0.00267680209816337, counts = c(`function` = 136L, 
gradient = 3L), convergence = 0L, message = NULL), list(par = structure(c(1.23481351234044, 
-2.33459703111783, 1.66919969351546, 0.134425720810492, 0.7583494557804, 
0.249303834730406, -0.759872145294534, 0.216076523637032), .Dim = c(1L, 
8L)), value = 0.00268221852527608, counts = c(`function` = 136L, 
gradient = 3L), convergence = 0L, message = NULL), list(par = structure(c(0.353006809667641, 
-1.50897969193947, -0.0387906377225933, -1.04128124754578, -1.42553073754459, 
0.515479135608384, -1.68459611643317, 1.408151147484), .Dim = c(1L, 
8L)), value = 0.00266915510407331, counts = c(`function` = 28L, 
gradient = 1L), convergence = 0L, message = NULL), list(par = structure(c(0.330698617736246, 
-0.631944878746128, 0.748363387680499, 0.854957192853806, -0.893185236371118, 
-0.7212908953426, -0.212272476621062, 0.213777833510204), .Dim = c(1L, 
8L)), value = 0.00281584979010356, counts = c(`function` = 298L, 
gradient = 7L), convergence = 0L, message = NULL), list(par = structure(c(0.219316720526763, 
-0.88462394474204, 1.66267607437614, -0.282986031759615, -0.278505192868792, 
0.0550432988548858, -1.05280948929908, -0.0958457731487402), .Dim = c(1L, 
8L)),