optim.out.list <-
list(list(par = structure(c(-0.409277863391547, -1.13447275340456, 
-0.793504573955497, 0.32467629064907, -0.667259500861129, -1.20551336783955, 
0.512134095524587, 3.1798242926291), .Dim = c(1L, 8L)), value = 0.00266913079123401, 
    counts = c(`function` = 28L, gradient = 1L), convergence = 0L, 
    message = NULL), list(par = structure(c(-2.28784703172638, 
0.678912133993771, 0.450648850099071, 0.353564389936137, -2.58674736657941, 
1.33545774571274, 0.533311612947666, 2.22897234130041), .Dim = c(1L, 
8L)), value = 0.00273977339337173, counts = c(`function` = 297L, 
gradient = 7L), convergence = 0L, message = NULL), list(par = structure(c(-1.15581704736089, 
-0.630126400928087, 0.307977918791842, -0.0282585239219866, -1.41992264299585, 
0.890649163829168, 0.400137564001487, 2.84516558809134), .Dim = c(1L, 
8L)), value = 0.00266940531757276, counts = c(`function` = 82L, 
gradient = 2L), convergence = 0L, message = NULL), list(par = structure(c(-2.05470416277107, 
-0.222921401388379, 0.758257591982944, -0.347074136340161, -2.38166247061185, 
2.05251774176001, 0.379001232122173, 2.35563875215411), .Dim = c(1L, 
8L)), value = 0.0026796809049466, counts = c(`function` = 136L, 
gradient = 3L), convergence = 0L, message = NULL), list(par = structure(c(-1.87965678986142, 
0.84708589518131, -0.205950737666832, 0.0627585715114064, -2.19792448839814, 
1.14327550561153, 0.864728983145842, 2.7753614439424), .Dim = c(1L, 
8L)), value = 0.00272985643165963, counts = c(`function` = 244L, 
gradient = 5L), convergence = 0L, message = NULL), list(par = structure(c(-0.000854726240205305, 
0.207348018085574, -0.797422364377486, 0.593916468715753, -1.91763853065301, 
-0.763581187104573, -0.602179049334455, -0.739841939886275), .Dim = c(1L, 
8L)), value = 0.00267076808375959, counts = c(`function` = 82L, 
gradient = 2L), convergence = 0L, message = NULL), list(par = structure(c(-0.431596111442117, 
-0.284741419221332, -0.259416405578429, 0.333138202185746, -2.42081550536154, 
0.396399729321468, -0.711942314729519, 0.921477651120758), .Dim = c(1L, 
8L)), value = 0.0026902541660836, counts = c(`function` = 136L, 
gradient = 3L), convergence = 0L, message = NULL), list(par = structure(c(0.192335284852748, 
-0.345992239423945, 0.491020827890235, 0.496373916846369, -1.41810234637168, 
0.00864527727794909, -0.483645944218612, 0.399137895869509), .Dim = c(1L, 
8L)), value = 0.00276244286596097, counts = c(`function` = 298L, 
gradient = 7L), convergence = 0L, message = NULL), list(par = structure(c(1.07061241696566, 
-1.80809736930181, 0.860703314875199, 0.376420321136561, 0.0501669393418756, 
-0.281852898281211, 0.0268599631319905, 1.45246115617267), .Dim = c(1L, 
8L)), value = 0.0026700253771501, counts = c(`function` = 82L, 
gradient = 2L), convergence = 0L, message = NULL), list(par = structure(c(1.6057909587311, 
-2.23515357787724, 1.07629236505774, 0.348879032841336, 0.904229211340764, 
-0.725639127237058, -0.0997827507325048, 0.191031826635827), .Dim = c(1L, 
8L)), value = 0.00268285451953322, counts = c(`function` = 136L, 
gradient = 3L), convergence = 0L, message = NULL), list(par = structure(c(0.532520809517144, 
-0.260734290920768, 1.43383136700169, 0.733565146861096, -0.608034650312636, 
-0.557946985361527, -0.597198653601308, -0.396731527002785), .Dim = c(1L, 
8L)), value = 0.00282734045400336, counts = c(`function` = 407L, 
gradient = 10L), convergence = 0L, message = NULL), list(par = structure(c(0.405819886896105, 
0.43044827485844, 1.39654304783717, 1.1675598749468, -0.420567913758838, 
0.919374640896875, 0.345197506535747, -0.24183788919909), .Dim = c(1L, 
8L)), value = 0.00269646382695957, counts = c(`function` = 218L, 
gradient = 5L), convergence = 0L, message = NULL), list(par = structure(c(0.689698373361231, 
-1.84204194953616, 2.89150852162527, -0.313323428562655, 0.429059214517656, 
1.99283047917283, -0.728616337905535, 0.350842417115958), .Dim = c(1L, 
8L)), value = 0.00266913502394769, counts = c(`function` = 28L, 
gradient = 1L), convergence = 0L, message = NULL), list(par = structure(c(-0.0547836101499453, 
-0.32479810931097, 1.27751566545381, -0.0259607244729087, -1.56389131783629, 
0.428821597829515, -0.676888898066583, -0.900842691291457), .Dim = c(1L, 
8L)), value = 0.0026855048178208, counts = c(`function` = 136L, 
gradient = 3L), convergence = 0L, message = NULL), list(par = structure(c(0.191195136003898, 
1.16081320014084, 0.0162485053148798, 1.27760788036094, -1.94956745240868, 
0.0481649782229223, 0.407913009749041, -0.633069168691924), .Dim = c(1L, 
8L)), value = 0.00266931737874485, counts = c(`function` = 82L, 
gradient = 2L), convergence = 0L, message = NULL), list(par = structure(c(0.386389759878879, 
0.384684997018598, -0.942583124416358, 1.43348985263119, -2.15253345354495, 
-1.24197738697949, -0.218484307795793, -1.97082554083748), .Dim = c(1L, 
8L)), value = 0.00267037227102591, counts = c(`function` = 82L, 
gradient = 2L), convergence = 0L, message = NULL), list(par = structure(c(0.632692478430452, 
-0.727590774112461, 1.68287601326621, 0.580337552135117, -0.266257036673974, 
0.189517439545362, -0.131262565798544, 0.0747322129723161), .Dim = c(1L, 
8L)), value = 0.00308205973209997, counts = c(`function` = 703L, 
gradient = 19L), convergence = 0L, message = NULL), list(par = structure(c(0.304101236924032, 
-0.947346771928151, 2.19505386599392, 0.363622947136377, -0.401622703644235, 
1.04797733285069, -0.892753322049512, -0.901732849013482), .Dim = c(1L, 
8L)), value = 0.00267598167603078, counts = c(`function` = 136L, 
gradient = 3L), convergence = 0L, message = NULL), list(par = structure(c(0.55300298745781, 
-1.33677906936349, -0.0552852613815008, 0.876129883442789, 0.313749662830823, 
0.696851434082483, -0.06556699011593, -0.13207151986046), .Dim = c(1L, 
8L)), value = 0.00266935925514087, counts = c(`function` = 82L, 
gradient = 2L), convergence = 0L, message = NULL), list(par = structure(c(0.596191797956458, 
-0.449970012351475, 2.07725589348471, 0.465271005055717, -0.763073673460368, 
-0.133684434890521, 0.136270906352022, -0.0428770651671366), .Dim = c(1L, 
8L)), value = 0.0030011075403747, counts = c(`function` = 730L, 
gradient = 20L), convergence = 0L, message = NULL), list(par = structure(c(0.253839992597857, 
-0.277373273997848, -0.461699358125344, 0.407371938802716, -2.18450762283449, 
0.850432144863412, -1.05840383119811, -0.0548425307120438), .Dim = c(1L, 
8L)), value = 0.0026878686245673, counts = c(`function` = 192L, 
gradient = 4L), convergence = 0L, message = NULL), list(par = structure(c(-0.497983424250934, 
0.564404866973337, 1.02003135964376, 0.630105460497613, -1.37126255581789, 
1.18830147394568, -0.445425366743068, -0.651226597393611), .Dim = c(1L, 
8L)), value = 0.00267680209816368, counts = c(`function` = 136L, 
gradient = 3L), convergence = 0L, message = NULL), list(par = structure(c(1.23481351097643, 
-2.33459703142094, 1.66919969891947, 0.134425720484942, 0.758349455752216, 
0.249303857907409, -0.759872152685843, 0.21607652342029), .Dim = c(1L, 
8L)), value = 0.00268221852527484, counts = c(`function` = 136L, 
gradient = 3L), convergence = 0L, message = NULL), list(par = structure(c(0.353006809683401, 
-1.50897969193348, -0.0387906378240261, -1.04128124754162, -1.42553073754175, 
0.515479135610636, -1.68459611643415, 1.40815114747937), .Dim = c(1L, 
8L)), value = 0.00266915510407329, counts = c(`function` = 28L, 
gradient = 1L), convergence = 0L, message = NULL), list(par = structure(c(0.330698612438306, 
-0.631944900542829, 0.748363341683547, 0.854957211383219, -0.893185217772898, 
-0.721290978616356, -0.212272457855581, 0.213777867426253), .Dim = c(1L, 
8L)), value = 0.00281584979008546, counts = c(`function` = 298L, 
gradient = 7L), convergence = 0L, message = NULL), list(par = structure(c(0.219316721008794, 
-0.884623947908935, 1.6626760738955, -0.282986071905577, -0.278505183663532, 
0.055043292229508, -1.05280952336411, -0.0958457739769855), .Dim = c(1L, 
8L)),