optim.out.list <-
list(list(par = structure(c(0.867138371934909, -0.0897550844331486, 
1.57051692727835, -2.12366641394444, -0.484526760698001, -0.0828749573541556, 
0.161048728770846, -0.60991784463885, 1.21769873688998, -1.26794253098077, 
0.718954842769514, 1.35525145748053, -0.829291369832852), .Dim = c(1L, 
13L)), value = 7.25039777147294e-06, counts = structure(2:1, .Names = c("function", 
"gradient")), convergence = 0L, message = NULL), list(par = structure(c(2.0346102218098, 
-0.184082364719113, -0.12583351874645, -2.20819166046315, -0.032282476443812, 
0.473913833257035, -0.293351445736723, -0.481682459952869, 1.1681049615266, 
-0.865937606498412, 0.647966760300737, -0.0683605849233735, -0.867060962955045
), .Dim = c(1L, 13L)), value = 7.26590460527175e-06, counts = structure(2:1, .Names = c("function", 
"gradient")), convergence = 0L, message = NULL), list(par = structure(c(0.654136081847554, 
-1.42043117641629, -0.0811019957768347, 0.828353926384272, -0.737465948170348, 
0.545057051047038, 0.659270829280329, 0.281704995644507, 0.422764359262191, 
1.18400173536528, 1.25541275456977, -2.88197349313012, 1.8821276236039
), .Dim = c(1L, 13L)), value = 7.25528638102215e-06, counts = structure(2:1, .Names = c("function", 
"gradient")), convergence = 0L, message = NULL), list(par = structure(c(0.635169492853225, 
-1.02609713804024, -0.0782219103322128, -0.400679607120209, 1.69133400335456, 
1.06763807279808, -0.53959215017214, 1.36071514978302, -0.995500494114918, 
0.671446245274793, -0.650174675401886, -0.232476116805618, 0.578660631228683
), .Dim = c(1L, 13L)), value = 7.57189608344382e-06, counts = c(`function` = 6L, 
gradient = 4L), convergence = 0L, message = NULL), list(par = structure(c(0.58607545563322, 
-0.228408556490401, -0.360417138381107, -0.945248118357263, 0.904399988945451, 
-0.299004120701491, 1.01959735918418, -0.0536819616084247, -0.455865433077303, 
-0.170574205372285, 0.0511522376504268, 0.909125520454633, 0.28142747989927
), .Dim = c(1L, 13L)), value = 7.88417902930537e-06, counts = c(`function` = 7L, 
gradient = 5L), convergence = 0L, message = NULL), list(par = structure(c(1.13306412371133, 
-1.38237395352163, -0.787031978946086, 0.214883740974215, 0.657725851594771, 
1.37457263247344, -0.789127893009115, 1.26329059863384, -1.36664812601767, 
0.118582561470304, -0.177721523409647, -1.2660916955504, 1.85010272491455
), .Dim = c(1L, 13L)), value = 7.28328406542102e-06, counts = structure(2:1, .Names = c("function", 
"gradient")), convergence = 0L, message = NULL), list(par = structure(c(0.162244738538974, 
-0.310347466133236, -0.544419831239199, -1.34623449560713, -0.235596973262017, 
0.439467317830046, 0.0534828385969268, -1.00333409019776, 0.432681309406381, 
0.121893587784896, 0.238500862850704, 1.46231992155379, -0.0635353748378793
), .Dim = c(1L, 13L)), value = 7.49523487664987e-06, counts = c(`function` = 6L, 
gradient = 4L), convergence = 0L, message = NULL), list(par = structure(c(0.110405676669636, 
-0.286635143725292, -0.185014098028775, -0.585605584213878, -0.779333686747663, 
0.15063620586548, 0.312615012777993, -1.25619205647207, -0.76866442657938, 
0.122062986761223, 0.012283188997976, 1.79974203238965, 1.29949486518382
), .Dim = c(1L, 13L)), value = 7.31794210095867e-06, counts = structure(2:1, .Names = c("function", 
"gradient")), convergence = 0L, message = NULL), list(par = structure(c(0.274585864557617, 
-0.0649508883431219, -0.109926033589442, -0.601733946042989, 
-0.644499150902272, 0.670490648697246, 0.443932639327746, -1.86034847763574, 
1.08647416700293, 0.58899100855753, 0.681666657485237, 0.510791910143962, 
1.2653083873047), .Dim = c(1L, 13L)), value = 7.52996170986454e-06, 
    counts = c(`function` = 6L, gradient = 4L), convergence = 0L, 
    message = NULL), list(par = structure(c(0.114170846472899, 
0.275339073826541, -0.101973022176403, -2.04063330231624, 0.146883330277145, 
0.802396551944461, -0.120967675836777, 0.301532264265925, -1.48237108500907, 
-0.307852357484207, -0.323185237272633, 1.11287127328035, -0.357703431518944
), .Dim = c(1L, 13L)), value = 7.28449818441046e-06, counts = structure(2:1, .Names = c("function", 
"gradient")), convergence = 0L, message = NULL), list(par = structure(c(0.772092537995518, 
-0.00431158492619927, 0.522857089618954, -1.14177535939148, -1.03443750006653, 
0.605688830520836, 0.965131167764835, -0.802419421841341, 1.59450403378137, 
-0.298478756711401, 0.0763928010528173, -1.88547916139909, -0.626033617668323
), .Dim = c(1L, 13L)), value = 7.2470913496129e-06, counts = structure(2:1, .Names = c("function", 
"gradient")), convergence = 0L, message = NULL), list(par = structure(c(1.10011453776047, 
0.557126371850602, -1.61489091550557, -0.436991159121652, -1.4317153078808, 
0.487078588021187, 1.79768902154888, 0.493431750283305, 1.23076631406166, 
-0.434336029342609, 1.25490288351269, -2.27421552206458, 1.98990613802513
), .Dim = c(1L, 13L)), value = 7.24484701922973e-06, counts = structure(2:1, .Names = c("function", 
"gradient")), convergence = 0L, message = NULL), list(par = structure(c(0.19039140481839, 
-1.33438398761942, 1.11530038314932, -0.837429299766974, -0.880363643413517, 
-1.24327369439045, 1.19684237445206, -0.13382785218438, 0.583458879981595, 
0.151629607255384, 2.01300444121714, -0.250750356156265, 1.70586285427719
), .Dim = c(1L, 13L)), value = 7.25333387893082e-06, counts = structure(2:1, .Names = c("function", 
"gradient")), convergence = 0L, message = NULL), list(par = structure(c(1.39740160135793, 
-0.39735471758711, -0.914887886957954, 0.294554360023944, -0.494283777683266, 
0.793103506924163, 1.45125728219739, -1.20865696988038, -0.0100849892131941, 
0.626780303520541, 1.31521828358431, -0.544996042798743, 1.23799456021487
), .Dim = c(1L, 13L)), value = 7.31455675213314e-06, counts = structure(2:1, .Names = c("function", 
"gradient")), convergence = 0L, message = NULL), list(par = structure(c(0.888537800910852, 
-1.24345488928624, 1.63311869924094, -1.10674273127989, -1.17663773405007, 
0.663555776390161, -0.207542992485838, 0.0860623805764069, -0.636789095397807, 
0.627314436950301, -0.425145386944371, -0.515730444640789, 0.278744227022716
), .Dim = c(1L, 13L)), value = 7.25366105703478e-06, counts = structure(2:1, .Names = c("function", 
"gradient")), convergence = 0L, message = NULL), list(par = structure(c(0.939096429038381, 
-1.06007740854636, 0.967698157543359, 0.840589978876601, 0.198215437065323, 
0.570910557868549, -0.824976851359919, -0.750792625438996, -0.0557178429611848, 
-0.269151991362605, 0.0368798336670687, 1.62665125671487, 0.890261727214784
), .Dim = c(1L, 13L)), value = 7.34194210402811e-06, counts = c(`function` = 6L, 
gradient = 4L), convergence = 0L, message = NULL), list(par = structure(c(0.65569169444286, 
-0.803907806100564, 0.460936179355766, 0.960657324057424, -0.487925590248068, 
-0.597551240162053, 0.8704906691786, 0.506110781542151, 1.23685190570242, 
-1.11174803222704, -0.260634560252015, 0.124414707531283, 0.880140087364541
), .Dim = c(1L, 13L)), value = 7.26051249091852e-06, counts = structure(2:1, .Names = c("function", 
"gradient")), convergence = 0L, message = NULL), list(par = structure(c(0.526361561537241, 
-1.11936031915471, 2.03356221917449, -0.0357845932347734, -0.45368353708194, 
0.691761972039919, -0.110247919620094, -0.170191109949923, 0.967950257804023, 
0.0325337835389976, 0.826612411105185, 0.462812835830242, -0.0828129002314969
), .Dim = c(1L, 13L)), value = 7.2650724307913e-06, counts = structure(2:1, .Names = c("function", 
"gradient")), convergence = 0L, message = NULL), list(par = structure(c(1.50411579020696, 
-0.00796856964958611, -1.05540718606937, -1.50962386032849, 0.441591051041736, 
1.62034663628276, 0.246928781090562, 0.237640029629916, 1.14531532986845, 
0.319446766471126, -0.13380527518248, 0.657050679768279, 0.254603015909215
), .Dim = c(1L, 13L)), value = 7.83133922197086e-06, counts = c(`function` = 7L, 
gradient = 5L),