optim.out.list <-
list(list(par = structure(c(13.7447004543193, 2.0106849634952, 
2.45559779457226, 17.0374965817581, 106.339292027233, 2.84018169636094, 
2.98239044494552, 0.289998537702748, 1.89933750727625, 5.52837461240555, 
1.06202162285864, 3.15781457796754, 1115.68156240844), .Dim = c(1L, 
13L), .Dimnames = list(NULL, c("Alcohol", "Malic", "Ash", "Alcalinity", 
"Magnesium", "Phenols", "Flavanoids", "Nonflavanoids", "Proanthocyanins", 
"Color", "Hue", "Dilution", "Proline"))), value = 0.00050079194922361, 
    counts = c(`function` = 3516L, gradient = 136L), convergence = 0L, 
    message = NULL), list(par = structure(c(13.745020420226, 
2.0102166287181, 2.45551356768377, 17.0359854297352, 106.333315562765, 
2.84029902176784, 2.98262088889817, 0.289985594901262, 1.89942447027921, 
5.52945390362375, 1.06209640775746, 3.15757925281873, 1116.06725701461
), .Dim = c(1L, 13L), .Dimnames = list(NULL, c("Alcohol", "Malic", 
"Ash", "Alcalinity", "Magnesium", "Phenols", "Flavanoids", "Nonflavanoids", 
"Proanthocyanins", "Color", "Hue", "Dilution", "Proline"))), 
    value = 0.000500791275619413, counts = c(`function` = 3446L, 
    gradient = 136L), convergence = 0L, message = NULL), list(
    par = structure(c(13.7445364798918, 2.01073542101189, 2.45546479608463, 
    17.036737032927, 106.324204012072, 2.83994503456271, 2.98223020647418, 
    0.289974919504644, 1.89932609950392, 5.52755465448932, 1.06204077737285, 
    3.15780017288311, 1115.63819338472), .Dim = c(1L, 13L), .Dimnames = list(
        NULL, c("Alcohol", "Malic", "Ash", "Alcalinity", "Magnesium", 
        "Phenols", "Flavanoids", "Nonflavanoids", "Proanthocyanins", 
        "Color", "Hue", "Dilution", "Proline"))), value = 0.000500791386143471, 
    counts = c(`function` = 3257L, gradient = 128L), convergence = 0L, 
    message = NULL), list(par = structure(c(13.7447016739038, 
2.0107134550765, 2.45558589935798, 17.0374682367584, 106.339132968692, 
2.84016861505917, 2.98238722929038, 0.290000274913442, 1.89932924638693, 
5.52830085824546, 1.06203223126159, 3.15778022583115, 1115.68641419558
), .Dim = c(1L, 13L), .Dimnames = list(NULL, c("Alcohol", "Malic", 
"Ash", "Alcalinity", "Magnesium", "Phenols", "Flavanoids", "Nonflavanoids", 
"Proanthocyanins", "Color", "Hue", "Dilution", "Proline"))), 
    value = 0.000500791954235907, counts = c(`function` = 4490L, 
    gradient = 174L), convergence = 0L, message = NULL), list(
    par = structure(c(13.7450032734157, 2.01027299577248, 2.45561736707966, 
    17.0372369150359, 106.337554042277, 2.84033816060625, 2.98262083719654, 
    0.290004838260728, 1.89941269604446, 5.52950766558218, 1.06210220660164, 
    3.15757107499988, 1116.08070147719), .Dim = c(1L, 13L), .Dimnames = list(
        NULL, c("Alcohol", "Malic", "Ash", "Alcalinity", "Magnesium", 
        "Phenols", "Flavanoids", "Nonflavanoids", "Proanthocyanins", 
        "Color", "Hue", "Dilution", "Proline"))), value = 0.00050079126153859, 
    counts = c(`function` = 2324L, gradient = 85L), convergence = 0L, 
    message = NULL), list(par = structure(c(13.7447584356717, 
2.01099278661757, 2.45557508201784, 17.0361362278872, 106.338868127173, 
2.84017364945816, 2.98222139132643, 0.289949391131513, 1.8995237952052, 
5.52819146270441, 1.06208652936766, 3.15816832891605, 1115.73278577527
), .Dim = c(1L, 13L), .Dimnames = list(NULL, c("Alcohol", "Malic", 
"Ash", "Alcalinity", "Magnesium", "Phenols", "Flavanoids", "Nonflavanoids", 
"Proanthocyanins", "Color", "Hue", "Dilution", "Proline"))), 
    value = 0.000500790796312386, counts = c(`function` = 2138L, 
    gradient = 89L), convergence = 0L, message = NULL), list(
    par = structure(c(13.744781707331, 2.01056931253362, 2.45558518016843, 
    17.0370531823778, 106.337365369502, 2.84019310361003, 2.9824021920251, 
    0.28999779056788, 1.89936422408412, 5.52845490581816, 1.06206029407505, 
    3.15777593840385, 1115.84320182134), .Dim = c(1L, 13L), .Dimnames = list(
        NULL, c("Alcohol", "Malic", "Ash", "Alcalinity", "Magnesium", 
        "Phenols", "Flavanoids", "Nonflavanoids", "Proanthocyanins", 
        "Color", "Hue", "Dilution", "Proline"))), value = 0.000500791835018588, 
    counts = c(`function` = 3188L, gradient = 127L), convergence = 0L, 
    message = NULL), list(par = structure(c(13.7447109020295, 
2.01077181285208, 2.45556269215805, 17.0364516175782, 106.339616185503, 
2.84013251537986, 2.98231928781202, 0.289992901295187, 1.89930231635137, 
5.52802775808655, 1.06201165106178, 3.15786952547364, 1115.62968013784
), .Dim = c(1L, 13L), .Dimnames = list(NULL, c("Alcohol", "Malic", 
"Ash", "Alcalinity", "Magnesium", "Phenols", "Flavanoids", "Nonflavanoids", 
"Proanthocyanins", "Color", "Hue", "Dilution", "Proline"))), 
    value = 0.000500791887778652, counts = c(`function` = 3122L, 
    gradient = 124L), convergence = 0L, message = NULL), list(
    par = structure(c(13.7448405078564, 2.01061474017297, 2.45577163320265, 
    17.0398459166537, 106.358402705336, 2.8403839660213, 2.98250247403298, 
    0.290035906681292, 1.89927554154874, 5.52896329918692, 1.06201674185505, 
    3.15776467273341, 1115.73734888077), .Dim = c(1L, 13L), .Dimnames = list(
        NULL, c("Alcohol", "Malic", "Ash", "Alcalinity", "Magnesium", 
        "Phenols", "Flavanoids", "Nonflavanoids", "Proanthocyanins", 
        "Color", "Hue", "Dilution", "Proline"))), value = 0.000500790936610605, 
    counts = c(`function` = 4375L, gradient = 183L), convergence = 0L, 
    message = NULL), list(par = structure(c(13.744006980337, 
2.01190029863547, 2.45561800500457, 17.038272969879, 106.34757500491, 
2.83971893968258, 2.98168037117799, 0.290006251791901, 1.89906000084944, 
5.52488660521393, 1.0618379613195, 3.15841464700171, 1114.66959230535
), .Dim = c(1L, 13L), .Dimnames = list(NULL, c("Alcohol", "Malic", 
"Ash", "Alcalinity", "Magnesium", "Phenols", "Flavanoids", "Nonflavanoids", 
"Proanthocyanins", "Color", "Hue", "Dilution", "Proline"))), 
    value = 0.000500786403088533, counts = c(`function` = 3405L, 
    gradient = 135L), convergence = 0L, message = NULL), list(
    par = structure(c(13.7449141093201, 2.0103517304663, 2.4556091357446, 
    17.0371128152109, 106.337309914566, 2.84028626375926, 2.98256261673666, 
    0.289997634181794, 1.89939700331119, 5.52913553809639, 1.06208991572817, 
    3.15764377623307, 1115.98579163212), .Dim = c(1L, 13L), .Dimnames = list(
        NULL, c("Alcohol", "Malic", "Ash", "Alcalinity", "Magnesium", 
        "Phenols", "Flavanoids", "Nonflavanoids", "Proanthocyanins", 
        "Color", "Hue", "Dilution", "Proline"))), value = 0.000500791575076662, 
    counts = c(`function` = 3374L, gradient = 138L), convergence = 0L, 
    message = NULL), list(par = structure(c(13.7445810110088, 
2.01092118006792, 2.45562559351986, 17.0378661694096, 106.340434881765, 
2.84005332660704, 2.98217812579853, 0.290005385771005, 1.89920986391188, 
5.52747616581815, 1.06199453716867, 3.15790187508222, 1115.50867795389
), .Dim = c(1L, 13L), .Dimnames = list(NULL, c("Alcohol", "Malic", 
"Ash", "Alcalinity", "Magnesium", "Phenols", "Flavanoids", "Nonflavanoids", 
"Proanthocyanins", "Color", "Hue", "Dilution", "Proline"))), 
    value = 0.000500791743089384, counts = c(`function` = 2861L, 
    gradient = 108L), convergence = 0L, message = NULL), list(
    par = structure(c(13.7447224343606, 2.01056842483941, 2.45527083594596, 
    17.0337084783716, 106.315112818635, 2.84002723067781, 2.9823853307982, 
    0.28994217465045, 1.89946889499, 5.52811740150898, 1.06203914167091, 
    3.15776062237993, 1115.78347645682), .Dim = c(1L, 13L), .Dimnames = list(
        NULL, c("Alcohol", "Malic", "Ash", "Alcalinity", "Magnesium", 
        "Phenols", "Flavanoids", "Nonflavanoids", "Proanthocyanins", 
        "Color", "Hue", "Dilution", "Proline"))), value = 0.000500790463121015, 
    counts = c(`function` = 2997L, gradient = 118L),